72554
-84494
57667
60809
51933
27747
51762
-51160
-6681
-92590
-5180
99073
11378
73689
60337
39934
74041
-72442
71640
-81936
-25414
-6269
15153
89067
29349
16924
27409
62914
77133
-59297
-45622
-7781
7370
-86658
21611
95374
-76576
26348
72428
-51066
11472
49079
-14035
14065
-32526
29973
98958
56447
39592
-12092
8037
4242
-80968
-45437
-19124
-290
75959
-5506
42303
-22491
-79329
54843
81570
54011
26576
88573
86352
5482
-60040
78775
-8779
-37132
-22158
10170
-54411
14353
-35326
52565
-1846
11679
-96920
-59104
-50020
38052
-88625
-73376
24281
51639
41225
48062
-46196
3949
-85515
-60885
98137
-15318
56041
-13026
-38303
24679
-6922
-12287
-10153
19565
55130
69899
-79487
44026
-76572
4511
18995
-25089
-28306
-27675
63021
62253
91923
74513
-25041
-63555
-44193
71824
-18965
29157
69670
-89362
-3474
93507
61328
-37194
-10043
28574
23
38657
-11964
-61956
88672
79883
18683
-59818
81180
-49496
-60450
70837
-19030
14245
51582
67348
94722
65102
96703
80697
-8329
-79250
-3698
4390
74176
-54658
-89799
-77682
-5745
-58752
-71510
-7916
51656
-6089
35346
1337
-81777
-40441
-59434
49155
18964
-4561
-28401
60120
-79717
94158
40495
-29867
-70265
56660
29023
-69158
-39705
33648
61960
-22449
60967
38203
99809
-39730
80175
-24649
90020
46720
-88041
-18532
-70272
84797
65131
320
-16063
51847
6274
-48871
-50107
10419
-65131
-13914
-22922
-39419
-22003
38264
-81160
-47932
54191
-16015
42430
2745
45008
50313
36293
-12513
-5230
23964
-3982
26245
8511
34862
-62551
-74812
72747
-86626
-57945
-98273
-80618
-77476
13394
20102
82732
52416
94605
-33390
-64730
-43662
-86479
-79951
-72430
89741
74481
18114
81005
-32522
-51552
-50264
-77369
39119
-88218
70145
-63547
-71475
-24807
81534
-14728
-83742
-45521
-73311
-60456
-52615
-50599
17425
34517
59504
67633
-40408
-52554
982
16421
-78385
13905
62060
79898
39787
-52528
32387
-51625
87539
60111
9970
-67289
-62801
-67808
75093
-16163
-32825
-29483
74232
62948
-16077
98242
53254
44693
94326
17845
28294
-28095
-603
-50396
57688
7288
-45360
-4790
-57000
-9957
-8958
14207
93363
1190
-25006
55203
4389
88490
91888
-33201
47256
-39534
97168
42635
-4233
11221
-36171
45584
32311
64729
92364
72815
-52308
-29594
-84062
52753
79344
69100
-25868
-50851
74672
56234
2418
32534
-15410
-27327
77261
-22507
-48911
22781
-67090
97458
4016
-30839
35299
-597
45544
30820
-26887
-9596
-21132
-65751
-29889
92512
72695
-70892
-49502
1521
58637
-11921
-18628
52767
-48180
5291
-41657
-599
-26282
68415
-7050
-51869
38419
-61711
-61813
-62516
8393
7290
-67441
76410
5774
-17929
26257
53136
-49085
-31940
-73855
53258
-38097
23243
-74957
-23900
-40565
-50029
61843
68223
-33286
-85598
-8829
68537
46789
-82021
-99832
30403
-50713
-73966
13912
-46120
54831
29736
92116
15242
32653
-12276
38866
-8315
-67923
-1462
30088
-96518
5045
-84878
-97936
-15953
-63684
-81912
-21712
-36014
-60980
24758
-47307
2256
56153
-42192
81781
-93823
11900
-37795
34189
-62901
79680
7784
52437
-18160
44941
-52589
-77833
40588
3812
70229
56572
-13383
-88547
-61478
26371
32057
-44079
-16812
37656
44134
-33348
-37378
-15267
-69046
28807
-27557
-22058
-81601
-32329
-88411
21002
-14312
98588
93425
-31056
55907
71781
-4637
-17166
37725
69679
36396
93971
-82986
80437
34276
-35618
58861
35185
-82216
-24959
-61139
-46592
28939
-3546
-83559
-30603
-57221
-66950
-86700
18307
91692
2923
-16191
36334
-88770
-11579
-42281
-91774
-2660
-69576
-97305
47911
-52475
75860
-68876
-40878
96702
72735
-12822
67023
-91408
74513
65239
88944
94856
57232
-5461
-46091
-35708
85218
-83384
-31155
-86197
87870
-31407
41949
-36203
44393
8770
48185
8596
39087
-26012
8880
-8557
-43846
3732
-24248
23852
-65730
-25323
-4499
81112
535
3408
-56953
-63588
-17403
-88399
63455
66699
-96621
58146
56919
57584
79904
93248
98260
-49481
63647
-85169
39130
65233
-64009
69108
10959
57426
-57936
38751
37679
62773
27853
95256
83304
91948
-40081
-13227
37831
-42887
-9678
-52960
-59003
-48801
-16387
-50141
54140
-51206
-27856
95624
-38286
68789
32396
96309
-57658
68154
-45821
91139
-9487
-18913
6475
87609
56321
11137
31536
-79737
-61153
-95353
-74604
-40382
-35390
-53525
-7350
12731
93139
7825
-34175
7896
-9873
93417
-8627
-86137
5421
-55754
37943
46889
-14671
-88086
31549
-59267
73956
800
-94745
48753
-10753
92174
22109
-48005
-62811
-37136
6224
-60449
-66430
-13128
58520
-15794
1531
-22934
-92633
-48956
-37603
-84081
-5281
-26805
-8926
-70254
-91332
-296
-61786
-41258
-57670
-38217
97077
-40885
-2382
-92151
45396
-85772
-47820
-686
-23642
52138
2725
-58839
17485
-13985
-56184
-72454
14719
58
35555
-76879
38005
70613
31426
74758
27079
52134
-10736
64758
61684
22050
-9036
18412
-66488
-32807
49695
20642
-31356
-15215
-59458
34852
24854
-81734
15386
-45015
91732
-30034
-25630
-1227
-64851
64660
-87730
37692
-39530
-47744
94092
-91414
86382
39557
-67685
82257
80443
4199
-57569
-59239
56627
20804
-67280
-25692
-65666
75828
63191
46367
-75641
-13023
30060
-67976
80759
-19734
54429
-58831
-35188
68608
87702
24409
61666
73376
-6539
12362
-97333
-58286
76774
35840
-39014
40711
18357
55843
28708
-41266
-65793
-12339
-47856
-50303
99407
-85091
-99265
49355
8582
19725
-20237
-26440
-39888
49628
60462
-17406
44675
-68419
78807
48004
54007
46403
-55836
15043
15913
-19380
21729
81909
-45750
88781
31266
39920
10061
75456
44310
-39403
-6840
85462
-14016
-61827
53482
-2232
-9189
95951
67437
-93961
-82713
-43114
-99783
-89717
80938
-41152
-78264
68069
49563
-95279
-56486
-94154
-45615
-74254
-59346
30544
69395
1413
7236
62466
-47626
60486
3556
-53341
-27606
-12771
17191
-48975
-14105
3290
-8370
61794
85721
-63207
32023
93853
57036
-93288
-39594
81959
-57580
16487
-28866
71303
-17512
28588
-97429
-76474
-33793
37986
31727
55956
-85517
25377
-55590
47057
-76947
42592
80893
-99282
-11427
83706
-25513
1542
16547
-61655
49714
25154
-87480
-18417
-52226
-81959
-67514
42077
16600
24121
20984
80784
45570
-46605
27131
-70425
63476
47666
77506
-17978
85137
-42319
-75912
-20166
-66801
-24735
66953
98038
-25359
24798
19817
-80128
-53564
-11684
-73589
18564
-32928
39212
79768
-38414
-22080
-30559
2218
16920
-58036
22484
-2671
17281
-67594
88812
32942
69915
-1989
-67767
67066
76487
-29764
25210
-10370
-15511
19324
39240
-18836
57223
-79225
-51882
18709
10972
71739
-22956
-68546
-29357
-86334
39249
66365
-73431
-67328
94056
-66895
-51675
20198
-59123
51329
8424
58205
-48253
99482
30788
85285
49773
16632
20233
-95182
13933
-40746
-68726
-20708
65479
72567
-94169
27223
-71853
3407
99035
67217
-48546
-85735
-45151
14682
-76073
12867
91353
80692
20650
-72340
59828
-94939
-50086
95367
31934
-1171
-66913
-67080
-24630
13410
-18628
73072
83838
77898
-31098
-87269
56827
79005
-4
-49798
9435
26566
57717
-47525
-85782
55581
38201
48534
-93361
39532
-35705
44395
-82507
76582
73566
63971
-33818
72411
-18941
15179
-90599
-89099
67491
-88459
-3146
19661
32769
-31094
92470
-76394
-53748
-43293
-76798
92173
-54166
69494
68935
91928
20856
-87615
-40488
-78580
-85009
14073
-83822
-44793
14288
-78747
8519
56513
-78442
-91599
-88355
-45643
21984
-53573
-57334
-96199
-92438
94429
82638
-46038
-73839
40506
-67004
-42153
22406
-45432
1638
-14298
-62577
32850
61930
-75336
98009
35748
-39473
26803
26831
9895
-35696
27097
69435
-61515
-75885
-41756
-73221
10697
-52118
-24557
-58654
-57536
-45677
78753
-83674
43734
-78776
41100
-77041
-49742
-58292
-24458
54168
3264
-383
-75227
-50688
-9340
-37656
17832
-1599
-41935
8221
94755
3292
-36295
91829
-67073
61776
-69463
86750
93467
28098
50914
27278
-62370
-65775
-25314
-35890
88396
-95868
58036
20628
56914
-42724
39004
-5527
30016
-96843
46927
-40257
84116
-85802
-31184
-14933
83239
90072
-14937
-68027
-92780
50191
-74076
29397
-83349
80258
16733
79745
20074
-81562
-95290
-75897
47479
87942
-41183
-11313
644
-15550
-93032
7186
1650
-30962
37169
25311
-34298
46483
-48871
38010
12455
-8817
40154
57855
86573
2955
53104
-70249
-25823
7493
-12429
19307
-76370
-51894
-47143
-75798
-91997
-87194
49274
-90289
14819
-56185
-57923
53736
42872
69861
-95879
69976
-10022
-2147
-59504
-97129
25787
-97642
-22979
-92151
-10884
-51836
98036
-7064
-52163
-97929
21172
47022
-91765
-62488
12699
96636
65118
40205
-82554
-28184
12910
3411
-23537
-77290
82077
85711
40996
43216
5247
19086
58200
91543
-90971
-65882
67110
-87616
26850
-43918
-71647
51185
-22352
86724
-75138
-81800
29841
-47074
-23324
86521
-74506
-97050
97976
98673
-27919
84792
15210
-85583
-2125
-58000
76627
-91957
-69059
-51185
56548
58
42875
16193
-55481
17717
71267
48451
58706
56675
75429
-48903
-83503
70387
48859
-26737
-51036
-17828
87454
-53762
-44103
-25828
47768
49801
51952
62754
82499
71851
-47130
-38065
97046
-35698
-60519
64875
-91955
-33098
93115
96794
-83880
64179
39744
-26589
-57351
68870
-97353
-17226
76526
-63709
-65342
-85026
82907
-32030
99460
24057
-39361
70109
96583
81655
-36821
84671
62046
-60639
36322
56583
-45177
78067
82400
36433
35114
-76634
23498
85527
38471
-7855
3120
-39031
-88216
83702
-96673
35669
-35995
-62176
-20445
-70298
-27262
97245
-44150
-16813
-3608
7306
82554
9023
-74692
11387
-48994
12209
-67654
-34316
89736
-1335
-74612
73824
-41016
-8354
-55467
59611
25852
86778
-93487
-38039
-75136
-87207
74228
-23482
-97578
-42384
-2551
-38362
9449
-95512
76371
-99301
-71617
54947
-76047
-25154
-53132
43589
34830
-77148
-63941
-79085
-61761
40393
-16847
58953
-50340
77569
-13670
-1208
-21695
-80178
41920
22155
19423
41705
41784
79867
-54488
37286
94881
1911
70761
-67701
72856
-49066
13451
-12550
53515
73347
57857
8608
98142
-28487
83960
-60239
54219
86159
4455
35154
-4897
22552
-36872
22293
81279
91174
84358
-31170
-34108
46207
-60762
14197
28564
70907
31819
-17869
91974
-62197
-18990
-12392
-36967
-72689
71238
8131
91187
-31152
12885
-15506
69540
-5438
92063
-127
90122
65381
-95629
-15171
25106
44208
56524
-70978
80282
55221
17514
-59125
85155
-30138
-73791
-53288
-99940
-47116
82980
-36911
-9656
44367
6210
-53074
39839
-98964
-95800
2763
-56584
-24139
40545
-72386
74361
-49625
2295
31040
35023
4993
11583
8095
47805
-844
67133
-73230
-40264
-31933
-84102
28387
56303
39372
-1085
-66616
-77454
5726
43860
47465
-95269
-74753
34182
6964
29326
67866
94914
-45104
93834
-99681
34253
-88036
-61241
-94207
79142
-48355
-89505
-96918
-76153
-94751
33737
70973
92989
-74604
-33132
-3720
26037
14938
-49467
99364
79764
-81268
-997
-67103
-65359
12388
4356
-54069
-58908
-61355
11554
-27172
64605
-38744
97783
28971
92213
31526
5380
-59591
-96290
7333
4745
-46386
27265
83249
63485
94364
-5473
-2682
48976
-37593
-12246
3009
-41186
44332
14594
-29990
-16955
-94768
-1266
-13588
-91459
7612
98186
-88219
1032
5691
36618
20160
-25641
-1226
-1389
10461
-59791
65031
-82934
-31703
-13658
-12140
90590
66266
6559
10826
-77500
-28663
21105
67451
-14909
3979
-90055
-98110
65461
-9910
-84158
16842
-289
56729
-37492
39934
-38691
-66449
3098
16560
-46133
46015
-52709
-53029
67804
-14224
17715
91364
-99507
67170
-81520
24985
87878
89423
69090
8001
93044
-10570
-75569
92239
-59032
76708
70548
39679
-11061
-9332
-60399
-24868
-27167
-41214
43910
-52630
79312
39280
54501
-31430
67823
25409
-76231
49409
-41606
-70020
-40080
-65914
40717
-56884
-1706
8317
-22625
-71095
-71503
45377
-86724
77724
5619
94965
62150
65816
-98752
54789
-57392
38933
24531
56853
-77280
27075
-78326
69992
-14910
-45271
-57520
-54879
-90470
95226
89781
-9820
28159
37273
-80845
-47917
45611
99101
-96458
-61903
71303
-16458
-73044
-38099
99364
57859
-28352
94405
-54939
-42937
7466
99863
-11827
-45564
91007
84389
16556
33628
-92353
-45664
-7677
18975
67313
49304
-12209
11867
-44635
57381
84576
62139
19348
46956
33963
49496
80287
-57285
-25340
-60092
-16419
-7037
-51764
-22269
-65336
58583
-55139
-55697
-48590
-47085
45511
-32090
-71611
-70892
17284
10276
-87038
9592
-37080
2607
-87336
57482
80091
91273
-64564
-71109
-44413
-52406
-56099
49000
-55126
82013
-31338
-95088
-89543
61057
-53861
91844
-99627
35617
-54789
-61388
83324
35462
3436
-44369
-72012
98310
-79083
21187
64043
-90192
-53145
17013
67505
-4544
58232
-68095
67491
43335
-42960
-75163
-44609
-1719
-2462
-47441
82646
58866
-2694
24829
93784
5662
93706
14300
-10986
-7693
6692
35250
-43596
76248
-41067
79400
-63329
85258
63008
-98755
34071
90477
-44614
-63146
4097
-2862
41147
-44066
-74105
58030
8158
33800
-71280
-99424
-10125
22156
5398
-78816
-55764
-8262
28762
-4959
-26337
20702
39342
-87539
-7098
45309
19749
42577
64584
-99889
50317
22716
-38560
23835
77274
-8655
-27658
-15660
60839
27728
-19526
-11687
97310
35224
28235
46169
91682
79733
65502
-65444
74504
-4028
26521
-91135
21637
45092
881
-80512
-92012
-41763
10872
-31870
-98118
37029
53870
50249
96963
97867
1974
-71237
15074
32330
-60601
63034
91292
-16307
-12494
-84118
-63383
11666
-47971
26762
27037
52301
-42114
82388
-20952
-62393
1560
73258
72013
-31459
30254
40249
45230
33299
-17648
-9739
-82205
2623
50099
-78981
-10797
66102
41380
-40100
-77045
-4498
984
-37299
-92882
14434
-11834
-2001
46313
30637
-37997
64632
-2096
28177
-85697
-72888
23393
-37250
58280
-90254
-6720
-5809
-64019
69899
-75175
95450
-67734
-5475
-29491
91006
73330
-34541
-29572
71881
24341
-39496
60240
-40832
95008
-77961
40637
45717
-32783
-33475
7115
22179
-73233
-3143
-37459
61884
-5117
-46685
-90575
93160
-63127
-21700
-63919
-81846
-67467
28368
33419
-11268
-24634
96639
-33065
-64440
48396
76848
63425
-5850
50371
-96436
-72624
-27996
-99004
25856
52739
39855
74915
-28149
23019
93910
-41750
-34149
48900
-90583
-13556
-87390
-68082
-42072
-10089
95010
-56084
-24156
37459
84470
62999
66366
66529
-11117
-45114
56971
50453
-90754
71722
-9537
-53321
-38463
-65971
-7239
-89204
30798
41914
49424
-98537
-16371
-13130
53516
76694
96788
-35883
-81323
12319
-50416
20293
16982
-90276
-33427
23883
-22078
14518
-90576
38570
55864
-40593
-71783
-76985
23704
-32038
-78667
-12534
-89511
-84908
-62390
-40592
-3802
11544
-61474
53268
52482
35172
59325
-59827
-52170
-62758
29732
12544
78049
25194
24125
64722
-17826
73676
99769
6683
-41716
-29236
-19487
90333
63355
-12119
29703
12649
-95659
-78528
50517
23626
-2254
-52256
88316
29707
2129
-93371
-51857
86790
-32087
-83474
-26017
33858
58814
13415
75090
-59356
-96941
-80107
-59374
-31802
60278
6907
-92196
62550
-11716
-44727
-35103
40172
-10280
-67502
-19823
-97164
-52830
36090
-93867
-22843
-42518
90807
-80199
42890
-2060
35675
-12245
99812
-99711
68354
25745
74914
-98004
-44514
82729
35230
-23428
34987
51001
24446
50003
78765
-75218
-59094
-92379
-30824
1112
8821
-81490
4308
90945
92246
17143
-68485
-83306
25346
80123
-10887
25036
21350
-77008
91931
25404
55061
46146
-43109
-84679
75593
-75487
84967
-12541
28954
62420
-96996
85261
-75354
-16776
52493
23209
-19153
-58390
-25671
-98993
-52570
2350
-34263
4408
-19701
-20524
-27516
59855
9063
33037
-35705
-32544
48562
-28311
-62144
59104
49403
-89791
72107
52619
-20351
74981
68797
92232
-12867
99106
-4663
-53710
-81255
49103
-41235
51398
-11754
-85850
73115
-11470
25120
20053
91212
13426
11802
30337
35721
-1819
79823
-48683
54238
-35000
89923
-13005
29748
76866
-77915
-10529
-18956
1694
3931
22896
93419
58051
-8392
-3232
-39419
-24052
63597
-37553
57799
92732
-44507
-50269
-24911
-93983
-53475
-61518
68885
-80703
19498
53331
2510
37999
-37331
-99807
-201
89384
-98899
14558
-36568
-74554
86852
-96282
11298
-35000
-17716
-33235
-92496
71521
21229
-28888
-71906
-63933
16445
-77609
-27399
-38293
-45057
26372
-51498
49910
-28477
-86449
15416
11248
-14459
15051
-23973
-11172
-7845
96408
54965
66394
36389
54928
-82161
-55696
-87724
97002
76445
-37676
12138
25886
64034
25124
35892
-2589
-21930
-94229
59565
7141
-72741
-21837
623
66335
-42474
-3727
65576
-78441
87768
-66748
51781
2664
-42624
36790
-20932
-88066
49105
39536
-14658
-12510
-41577
12742
4116
-56577
75775
32596
37907
-11965
85867
-62503
-98709
86545
-69272
21577
-34702
35773
94864
-71107
98532
73753
-77536
-69108
90071
-84186
-88183
37682
84748
56598
34289
-82311
34141
32004
33626
96149
73250
19196
-83547
60588
-31254
99155
60795
-12291
52329
36310
63380
75016
38328
89475
39601
-20193
63239
35710
-40038
-49827
-95386
73410
-49221
90124
70883
-23367
-45767
-20912
-19978
51275
29806
-61455
49550
-38769
77208
-84051
91080
-96875
12128
9862
7339
41680
-84578
-43516
-42570
-47802
-97332
52865
-9228
91079
-5561
-32509
74898
-20039
-65620
-67011
-81127
-16377
-5708
-85071
-75627
18462
86019
-5001
93969
83550
-97808
-92015
-33043
-8327
33517
37479
97181
74401
96725
35550
54738
-87039
3081
8804
91237
41667
-95876
4097
-25464
96611
42866
-85068
52886
-38979
79908
72504
22042
-96733
67272
-3871
2020
80767
76067
54957
-71510
93739
12513
6270
-4125
-34899
-25983
56177
-43036
-83678
-11781
-61873
-96441
-42964
9195
21253
45764
-79232
21201
66175
90334
5535
49555
-70589
9457
6332
21986
80259
-83652
-89094
82524
-27333
75342
-94582
41897
-85388
-78743
96326
-69415
45629
63402
-33509
56603
-33959
68857
-9317
31018
-6442
-83995
34299
-98053
86780
78116
67157
-78687
-13059
-37247
85689
-57199
80873
58765
13412
-15199
-29448
41090
-44425
-29730
-27616
-3129
97245
-21596
-75432
-16926
-10632
49601
66298
-40164
40942
-35119
94608
28919
-564
-54203
58249
-29202
43275
26950
80305
28357
-56962
50490
82959
-32816
-89867
-2453
18559
-89590
82735
-70810
16925
-75693
-93744
-52084
59864
-57232
-3292
40227
38193
-57064
47167
2509
24049
65832
-67938
-84727
93257
61535
45760
27971
96606
94751
-62382
-75111
7812
-12411
-41952
-82488
-92076
-22653
69852
57398
48431
609
222
-13942
76322
-67109
52420
-7364
-66489
1878
89690
94058
80903
60074
13566
-86692
50159
39035
32733
99321
21400
-71665
25455
-54228
-31213
92718
-86131
-8536
-43131
-5571
-23907
-8507
87645
5273
-74167
6073
75667
-84366
-80247
-11885
92550
44621
10485
-48744
-50256
-68149
844
10258
-73991
69573
-60492
66870
-88862
-75263
81569
17718
86260
30952
-88300
-49978
26611
-91927
16458
-60743
-54390
80431
-43240
-97318
300
-85888
-89644
-73422
12951
-89221
53855
41016
-4212
-67084
-45025
84204
14743
91853
67175
81334
79505
-65876
84777
72075
75538
-82361
79285
36590
69936
-50675
-70283
94967
80216
84209
97629
-17636
-31538
-70797
-98349
36297
-84428
51738
1677
52745
86216
-60574
-43719
-89063
-60388
65355
17798
57059
1851
-34770
93594
-73327
-29031
-62933
-39554
-96779
86890
-49698
79235
10894
50837
-14736
-70321
-26899
26665
91767
-22282
-10354
-89512
77733
72592
-75188
25651
88737
-50824
5231
53122
54809
-81694
-5534
64513
50965
-89877
-17348
-63334
78968
84016
52782
19287
27884
38006
-29743
-99416
54275
-59235
-2617
84554
55752
-33151
60262
47773
-33553
-637
-85090
-1846
-26202
-48012
-89867
-68525
-82663
5029
-37115
77981
-22208
58393
-72912
82334
-42604
4802
73233
-9665
-84462
-13424
-86851
-45357
86279
60978
-59518
32293
34397
83773
-53684
-50793
-59556
-19290
-65130
56632
-31764
-66596
16208
59038
-40640
43859
23207
-51742
-71457
53312
-96668
65256
68028
82963
-59983
-58635
34989
-52333
19650
-38854
1557
75015
-97416
46679
-21083
97794
4193
63495
44081
9747
-62754
21244
-65901
45391
-45644
10495
62411
93087
-53291
-98152
80976
-3864
54650
-88371
39621
-87401
-45105
-19686
-94413
-62997
55919
-43243
45014
-97214
-34219
-19639
82453
-65350
-67563
-51418
4654
10951
1962
44485
-26105
-74385
50137
-50185
2574
15540
-75767
72991
48650
56705
41020
-6818
83350
-58245
-49295
84130
46053
-87125
-89339
20532
-47426
17771
-76666
-90603
-67392
-43299
89945
58067
97451
-27457
-94508
28137
12585
61170
-47135
40403
57602
91412
-54322
-30516
97080
84423
94034
-82212
77568
-34574
-97869
41688
-67242
75886
-64304
19915
-27026
-40311
-32806
-21175
1875
44629
-46028
-43428
66536
-81901
-20281
-70357
-28637
39904
-89871
-83283
35138
-42986
11894
4159
-25174
28626
-58294
-64289
-70640
31154
-28630
52928
15338
-12774
61971
-26468
-43186
58737
82583
88146
97518
66999
81883
90621
-27730
-57059
8373
-52184
67786
56041
65085
-14491
-28693
-47323
-55806
-20258
-92732
-75953
-27359
3280
-677
-74774
-31734
-31854
-35091
-22951
-23084
8491
38623
76426
63447
98712
-94641
-83501
75862
-11356
80947
53822
35135
9055
-47068
-80247
-56206
57066
-54982
-5095
58567
41968
47818
-94283
-38283
-6766
5264
91468
37838
80869
41445
-27935
-7869
-81586
-44835
28030
83757
65101
35102
50941
39206
20599
57285
43312
-60878
-98997
-86501
-54176
-38401
-18543
-54139
97824
76470
-93365
51001
-80316
-54577
-29590
-10864
13134
-19316
-60981
-18793
-80038
26809
89064
22432
-84701
-71708
-69424
-20876
45639
-34451
29001
-91340
83401
-50149
-27770
11639
-12370
-38058
8770
-5064
39060
-35778
-74388
-71149
-80122
-5425
93517
97163
37363
41998
-72510
-57411
-71509
-5980
99349
39899
12670
-73360
-35138
-12266
-40461
-21067
66351
21220
91629
13046
-28177
-48477
-7822
-73267
11848
11546
-21354
6220
-18819
-10388
-22678
97839
93347
-1100
93984
56605
-81576
74426
-4420
91058
-89796
-43210
34509
18705
-49217
-99526
-65080
61636
80620
-30247
-65659
66631
24550
29181
-51578
29584
-85870
-68781
39550
8697
-77643
42204
-89530
-94651
60284
74972
1405
36524
-37101
8174
37587
32687
96545
30138
86896
72681
41060
49554
-25898
73417
-56744
-44696
61044
77343
-37930
-45649
-84407
99200
-20096
-25481
72622
-18782
-51283
32031
-39371
12858
69532
22548
36502
30742
-52606
-88876
61561
27378
78474
-49542
-35402
-38044
41773
99871
34626
9167
6561
-58546
-75856
-8514
23399
-34085
15384
64591
37473
43106
79417
30414
75496
21583
80593
49830
-21431
-56550
-17612
11739
30478
46742
79481
11416
44437
-68179
13257
11842
11151
20433
-30137
5377
-55383
79460
-32891
-50258
68311
3091
-66143
81748
76652
-42935
-23953
-99676
-9417
70230
12550
-51244
-37487
95009
25561
-9463
5609
-23626
39204
49113
61049
-18395
-58684
-16789
91493
72219
34382
62685
64806
-99727
98662
45692
51102
2199
-70389
57997
-44724
-94653
41517
-81066
45571
57787
-77146
53052
-75211
81122
-75220
91924
92379
-69141
66529
61400
-44392
-69360
-32749
-32497
10666
-34794
-11803
95262
7166
14059
53468
32557
-96804
-47613
-41325
84362
-38457
-95874
-54249
-29096
73108
35346
-26244
-648
-2909
86135
21230
-33537
-43284
57821
-98400
166
32955
-20044
5936
28879
48481
90442
-85783
-30966
70621
-85257
66548
86894
39562
34488
17325
-67305
-87886
51455
-78407
-60347
-49268
-56544
57829
38704
47167
82995
-23091
91414
95159
91791
-22783
68841
-3834
-76313
-73647
19758
-10545
58430
-60258
-29105
21661
-3916
14230
44173
65964
70438
-15985
79883
68754
-76320
91467
74488
43191
-8922
-90531
-41273
-47411
-50206
53804
-89279
-76976
-76444
57828
9055
39883
-76858
61370
8665
12814
-57891
51262
-63814
6675
-67308
81243
-29364
73900
21289
95687
58307
-73027
-15547
73471
-8972
-12869
-5257
-66500
41669
21165
-35892
56169
-68428
51863
-99966
-68470
42753
-41819
54081
-4519
-85654
-93433
-32903
-98632
28021
-32547
37731
25406
-6516
-26989
11223
-67459
99818
-51571
28141
6086
-3862
-93484
19272
72354
-20440
59549
93036
-45240
17175
-70184
-69687
-47498
-3019
60334
-50837
-42552
-79297
-11114
90788
36650
6911
6126
12933
32266
-5409
-8074
60820
72079
51745
-53632
5143
65805
22626
-82173
79552
-59219
49835
50122
85373
35056
48715
66056
19395
77019
-36689
-30246
82938
21128
-37711
-57545
-84288
32663
56698
53384
90741
-67389
78619
-44908
90293
72850
-38411
-91316
21165
1422
69164
14465
25699
-67646
-92640
-16725
55928
-65121
1727
-64278
-80911
-91987
33584
-62916
49545
-86985
-60700
74465
-75003
81460
-99697
-26149
-21578
59824
82374
1213
95232
-70104
80757
18234
48578
49755
-36393
1041
19041
-55083
-60439
-60526
63634
-39050
41628
6590
7533
21220
-62351
84787
-95392
-64297
77744
-40754
49271
76759
23672
-17350
31088
-41571
14680
-84041
-94147
81318
-75485
-60305
-87614
-72477
-86832
-963
99497
-19212
944
-52761
-63603
22366
60859
68359
-79387
-14410
-86027
89056
65815
27698
66848
-81924
47024
52515
-57437
33046
-37204
-46947
77095
99707
-8469
89729
-93916
-36813
43069
69850
-56604
49696
25870
18069
91696
-85431
-5010
60036
80613
-26119
-24634
-57357
51509
-17550
30484
17607
-68605
3002
36086
-47221
-76002
48665
-14858
52504
-20706
-20330
-9023
-53595
-13813
38245
21009
-96708
-19341
-43323
13863
-86747
-24659
40994
56200
-9252
-81743
77379
-32158
-61924
-76747
72191
90647
-63288
35217
74778
-46978
33508
-42733
68095
-65729
-36242
-29581
-77655
-23367
-78039
-48480
-22334
-33731
28934
-96418
86904
-99481
64257
-4811
-99874
54379
-69785
-8515
-8227
88133
72923
47033
11860
68084
13954
89745
12668
93717
-65715
-85883
-22342
66682
-73957
93939
40534
-31951
-13838
-15477
98341
1557
12235
-74443
-26715
-38469
17169
80929
-90899
76545
95659
-73640
27935
78314
6869
-1683
45909
-26458
25353
-23453
47123
-90510
73534
96148
10516
-32530
-61352
-86998
-22066
-35265
-19960
14575
-56428
-60100
37696
-78075
84616
87506
-35452
50839
-38149
-82650
-71509
-99361
75390
12155
90948
31841
-14116
18841
-42838
-48580
-75979
97474
39994
79418
74234
-67461
-10439
85001
-263
6082
61647
71052
-63905
70484
50626
-72270
48595
76764
30054
98516
4719
-98144
-72315
-73388
-77552
49278
-30309
11727
16162
-77640
58329
63139
-8843
-21283
-90073
33373
65225
-7922
23276
-10532
69635
8210
-30888
-12359
35310
10299
24474
-47513
63046
33603
64040
4573
18215
-97831
-80000
-60730
44153
67542
-29737
-79405
88569
89629
44958
32133
-49248
-96834
62744
-21016
36052
63056
-41294
65022
-74166
-31626
30460
94534
-61400
-39570
-17533
-50420
67159
-13698
72276
81772
-47716
-35217
-64082
-90510
-63092
-7003
71046
76135
92803
96909
-15253
-67712
7167
32802
-34766
-17186
44746
-25000
-15611
20977
-14122
2889
-52016
-46091
-52973
59741
-76673
23470
88517
-32473
-20922
-1727
-95907
55306
48986
3111
-17791
65876
3356
20300
-25409
52856
-54879
-85694
-54700
-26118
73344
2337
-57139
-50099
56822
2101
-64565
-84633
51595
-93521
71439
55418
-73294
74986
38673
-90440
-74037
98619
-67734
57059
-88345
-28226
-33045
-34839
89365
-32519
57906
17996
37839
-51279
-90854
16685
32887
-58117
-41998
-10086
-48308
49968
37765
22629
-27873
-50667
92187
64127
-7581
-95164
19399
-43126
-24532
-22845
-53246
88401
-15375
81084
84491
-396
-36649
-81320
73741
19090
-68164
3398
7512
48933
88437
-70607
39709
27897
38090
-54522
-29670
46572
57778
17933
98613
-47676
-13360
33278
-79190
-79452
-88527
-24435
86719
-2566
7247
81128
23601
20965
67463
-58259
77125
-79643
-94669
47589
87500
-69867
-59636
77180
-68546
-83067
-33984
15180
-12451
-89574
22977
6174
60977
-48993
93839
95639
-1745
-72338
76797
86138
-71896
48324
74038
-75162
88334
8760
-64371
-40235
25254
57517
-1912
98149
47510
-96620
-40488
-70240
19266
11413
-80074
47566
-13300
81779
-41053
97355
61271
-4301
90106
90175
-15609
-43769
-35139
-51929
-17528
-9998
-71078
57602
-84584
-7129
-55129
21668
75674
5343
-17691
1148
25962
-99615
-57613
-31240
40890
-17767
66431
-90483
46239
98810
-49733
44578
-9438
86062
-83422
-37257
-23114
-88134
13778
32045
-62721
8636
3819
98481
-74868
23762
39135
-9165
-97469
-31796
-87046
56091
-77262
-40355
64917
-20922
74627
-61752
75609
-64597
-62859
-22167
46918
42462
83282
8897
94030
-98970
51828
-24419
18045
-1830
-51071
-35315
68348
-15279
23664
-29046
-60072
-6267
52246
-18745
22277
34052
-6181
-72294
33926
27221
-26430
31471
-18904
-37421
-85583
18810
-25445
34557
-49996
-5698
31133
-33640
-99862
52299
18109
32309
-90757
21829
-39700
-42693
1317
-83193
65592
22881
-15122
89367
1841
90039
66132
8853
-23857
-90032
-86296
10347
68255
9683
-80218
98091
-81254
-97310
93904
-62529
37334
30409
18206
94293
-65032
48987
-54756
72077
-80686
63528
-79647
57435
-34937
-2378
-71129
-24085
-68932
-67380
-1123
99912
-69684
-37125
-99286
15969
-26053
-81266
45251
-73797
20213
55595
-40992
-29609
6387
-47654
95313
77437
-92460
23803
-37082
41823
30987
-82952
7508
-62743
81634
-88618
52955
47578
-78730
9385
21665
-58356
-83952
96804
-14990
21479
46286
-54566
93624
-72209
94364
-82573
-27089
-35800
81635
78591
-99703
-46478
-37850
-9324
69966
13636
26721
-68121
-97607
-96523
28213
48636
66546
-97160
-51280
69210
80091
4382
19203
32108
-16942
-49069
-48914
14024
-48733
-2748
15776
-90142
-59206
83926
61852
-96471
55794
-98356
68967
-16173
39972
26710
7847
-73487
-55111
72600
-34410
11582
-41660
-86520
33251
35756
56294
-55394
80178
-3528
-35645
-69910
12487
14573
78864
8825
79547
79211
5712
45021
77148
-67636
22961
57587
-36307
-99945
85858
79662
59873
98165
-52500
74578
58363
60526
32301
-20981
18194
36735
-32548
-36039
-36789
-30555
-31576
-45898
-95832
-70394
21868
-81149
-44517
-72086
-38548
-53532
-55466
48769
-71936
63013
73897
-80653
36662
95012
65700
26982
-52928
-63028
80464
5824
14185
53677
-47473
-16227
97867
-89026
-44634
-94247
68248
24192
-40380
-64957
-39243
-35968
-61694
-46649
-96740
-90447
90493
-98325
3249
-52380
-91452
21829
-28790
-80998
94560
17679
18786
-51997
75027
-57771
-99411
62768
-30615
-9434
8030
3082
30287
-138
26023
90422
-32448
89942
-29454
89947
98030
-362
-26482
72371
60953
-48262
44501
82991
-95808
92134
80096
-93839
30199
-54101
-75460
88505
-44752
12579
57493
-47651
-88849
10701
-49692
-15067
28609
-1949
95653
8608
83891
30683
-72333
61382
24003
62637
48466
91569
9507
91379
-22238
87546
52370
94684
-71000
-98118
96887
-56730
-71257
-46225
-1902
-42686
-94901
90564
16779
-52723
-30995
-53476
-80080
-13396
-47661
-84814
-73113
29957
-78488
90185
57062
41676
-56266
79266
88251
-18665
-18383
84810
-34812
-73526
73261
-52903
-82264
-60091
-97905
-71167
-30485
-63036
-17412
-38622
61008
71679
6912
-13376
-57837
85095
89513
-59433
-93124
-66450
37678
-4601
85064
-96505
57115
94855
-69178
-32631
-61235
50807
5032
34965
24838
9937
-48218
-50087
-20820
-35355
-57883
-29918
-47985
30674
90129
51704
-47669
45476
51709
-61605
57805
35807
43116
-25300
91623
-69668
-3393
-41322
18691
-52812
8366
71372
-75085
56846
92809
-21891
-63887
-2182
-60665
-59620
-77789
-81077
25175
1516
52995
-39492
-99240
-30299
-83594
82338
-94815
77240
-21972
79227
51622
1119
12844
-84369
50967
-58662
-22406
-34835
-7203
59905
8848
-5295
-14620
-60264
1786
94375
-56669
-52414
-30116
64882
50860
63747
-58394
-34468
-95964
-33210
28813
1173
26512
64052
8727
55096
-22051
26860
16981
30814
-81421
-63396
-91965
-95352
-67875
-58777
-61853
23672
-50265
-47548
26982
14773
89622
-21329
96369
-71097
-86004
9077
-97873
95425
50347
10398
23910
3559
13486
35941
-55370
-46899
84140
73482
-57131
29718
-81237
-39497
-7311
-75236
78330
31457
13294
22108
-19685
-57735
-55720
-54332
69966
-34821
70358
-21696
-80805
10234
18715
24597
-64117
-10721
-34897
35546
-64888
-96428
28791
-14234
49755
66853
-38191
17445
72055
43489
-9710
90989
12767
-31435
-80422
2141
-3857
13683
36113
-71625
-92929
71285
-44126
-9062
7202
42149
-8164
-1049
77732
97636
82229
14106
-41390
-78711
-80433
-2698
65057
-46511
-44726
-59381
-56039
31571
36647
-14174
-67015
93108
-50709
-29545
-42415
-59925
68649
26029
-34988
-59314
89859
-34242
-20867
85293
-83863
-13294
-49056
-71908
-85733
-39512
7898
-64208
-7077
84416
61993
-5012
-12939
32079
-43683
76486
-86023
64486
91553
18237
-27536
-37852
-4263
-77492
14997
-21126
74774
-37631
-92428
-53759
20732
98609
-33615
73805
98664
49761
97206
82761
-2838
53843
-35077
3910
-34786
62908
-47116
41622
5656
20602
-25112
65080
-8156
42990
76102
24277
-43101
40370
-62368
-91327
1109
-22786
-40759
32843
-44429
95146
13679
-61032
-29355
-21286
57593
49263
-61250
22249
47819
77799
-359
-73167
-56045
99786
-47359
-44181
60263
44860
22219
49474
75334
94061
-84561
-53234
29864
-85334
-11243
-81794
-74263
67061
88419
96363
-43408
-72092
-28353
-19893
97565
-74219
21045
29516
-944
-27306
72412
-66518
-71189
-83250
87580
-72661
61376
42892
25279
-59264
70571
-47568
62005
22938
-39095
68834
-93775
-86853
41438
-83939
-37932
99771
-46782
-7407
95024
31644
-49400
26911
-72061
72056
56794
19618
57854
-42768
-2616
84626
-90207
97650
53226
74327
-21841
53775
18865
-9751
44470
52331
-89013
-26426
53135
35036
23594
385
-11898
14153
89320
32938
-97312
-80520
2812
-35812
72811
-26012
-15675
41338
12481
91187
-42697
35431
55389
55590
-35795
42052
3211
-72090
-80642
4761
28646
-18533
-47255
3400
461
-78874
-20389
55383
-82125
79678
32851
-89954
64084
-92493
-60739
-61888
86967
48847
59749
56580
53104
-15947
-15776
-19410
-92329
-44493
3811
97873
-71928
-62041
85984
85835
-90965
-22569
-17729
-71319
-2022
95738
-80201
-83837
-39841
-21103
22098
-6467
9411
42364
-24859
48270
22547
-76748
-65492
-27208
74953
45161
-48682
-86834
-76927
-65997
-1406
-6405
-22679
-95772
20498
-302
55314
99553
71234
-99276
-82214
44776
93902
-73387
-43842
17652
41536
-63551
18858
12376
-31817
82361
19087
-96484
48584
5981
62838
-16627
72693
29033
-90994
14025
-93234
67112
35411
-30956
21400
-54242
48629
-81808
94281
2645
-44184
41522
-28650
77633
-6469
-52442
-79117
91000
66753
-75741
-17125
-47153
-49226
13678
20581
60431
-4529
-40308
-14650
-69973
-75182
-87641
68433
13813
84376
71436
-2426
-79716
97865
64354
-70593
803
-42648
17389
26111
15046
9752
-85405
-46318
-64689
-59826
-66290
29034
98797
-19492
84137
-20515
-36246
32363
-49963
-11848
-41134
-14662
-78616
37938
27583
-60450
-45112
-81289
59545
-9680
-48211
-44952
4350
-94269
62570
-75495
2603
20137
-7546
22642
-16233
45691
12285
6117
37176
11849
-70881
-27496
-23630
60168
33010
3581
2224
79192
-4756
56037
81407
34377
-795
89255
15850
-65537
31794
49166
-57259
-91356
18534
87314
-74397
-48513
-32113
-1168
42171
13046
40395
80074
-86117
-96651
-57251
-86595
61988
-46683
35411
-7961
-46601
2040
66891
57725
-87790
64069
43158
-72558
56510
-31510
89475
93360
15376
3685
25331
34194
-78282
87640
11908
32083
10093
95116
-83233
-51092
-11195
86405
-55853
-2487
-35773
-39801
-56021
-42043
4013
92223
-94771
95072
-62300
5008
-32999
-45284
6872
-20851
25143
99883
-5780
73069
-31571
47482
-26423
-54248
75275
87041
69163
69605
-16775
-87621
-19967
52997
62391
-59272
99103
53552
-53234
55619
-78945
-89634
-82324
29931
-31559
66525
-57613
90223
-54615
-29330
-43118
38497
74160
-20851
-49416
-11008
60747
39469
-94608
60755
-49026
-97693
-58473
3123
-25915
-24754
-88658
-5280
-32939
-49377
-62386
16720
97907
-75784
39424
-22556
-34119
79297
54989
64272
-72594
-14215
-14492
-88319
11231
-16091
18061
81925
-22794
-72157
45540
40474
16533
31777
25747
37593
46558
96541
-81704
-35859
-89367
70505
10486
10895
57974
88565
-1247
27829
-49304
-35344
20533
-62692
-33862
-13708
65901
-30767
94975
2361
-23338
13988
26128
18635
22356
99672
-65259
-22402
-23078
93112
93659
55586
55918
-19976
98731
23489
8768
-50242
-57956
26057
25607
62614
56182
-25599
-94138
-42915
-51590
47242
-18607
90201
46677
-83809
83439
33029
20359
81421
-54629
-34768
-95514
-55642
-87917
74116
92608
73840
-57640
-10871
90687
-27064
-75754
-67054
2066
60230
57741
-83351
99666
-69868
-35072
-95576
76318
-30714
-56442
67617
-47032
61648
30343
-57150
66106
21987
-70892
-95587
6305
21718
24712
2783
-30310
48861
57597
-489
-80578
96266
-3785
-36875
20209
-34036
13649
-45534
89562
94018
-77353
42421
75238
14293
-10950
37858
24054
38631
6251
73322
-19597
-1610
77285
59744
40086
38216
-52299
5056
30433
-51822
72154
-93593
-5501
23811
-18915
-92320
-55099
-72594
86622
40744
-9645
65675
67034
-4605
5774
46036
-83787
-43040
-74887
-38935
-42892
46052
85393
-71937
-85061
53706
-67074
45110
75743
26845
-99433
-73861
-2811
-91307
-43747
-56092
-5011
-81589
76935
61897
-75391
81476
29854
-88930
-5161
-57290
52087
-90398
24933
-47395
72797
13689
85139
-44195
80967
30701
86977
7309
83433
-83959
54343
78273
-83628
9558
88750
69061
-71991
-60031
58785
-90241
91701
74804
-94224
21227
-33192
4180
-64133
-66367
-83696
-48195
71536
-9605
58572
69354
2199
87278
35509
90825
-57961
-14558
-89004
50525
50769
-1466
19899
89895
47320
81603
48958
-46712
84040
32322
-78119
-65690
95045
-45276
-47705
64546
87390
31752
21917
-83613
33366
-92409
46235
-68281
95474
50938
29848
33842
-58829
-81721
38311
-5771
-72609
-62149
34970
41905
-91889
32503
-94371
71880
87800
77751
-75247
50829
-38550
17271
17010
-49266
-83887
43756
34974
-75786
78583
96555
8049
51206
-89363
-25149
51244
78212
-56158
-1228
-10457
-32460
-27022
14837
87331
33378
41164
-35354
75255
-74430
-36094
72370
-93001
-8408
-82578
-2905
-91001
-40574
-98132
-4510
-28974
-36505
52154
-52610
-81974
-78874
35067
86886
-63492
51193
17901
-98272
37915
23878
30128
50864
97025
37144
-28111
19523
-92382
30177
85695
60170
-43187
53733
52163
60903
-78539
-39384
-13192
90004
-31186
-6616
99903
27159
-95561
-81425
97356
-3058
72690
89939
-22747
30215
-33410
-53240
-88068
-47771
-22702
-44709
27224
-58648
85356
-87082
33028
-45971
-54321
11447
29106
-26800
-43714
14182
-67701
80185
55236
-58819
-97044
-99153
19343
66027
-14047
-33982
71360
29765
-94959
51133
20293
-67996
96320
7889
23978
-76288
-9312
-78809
-55330
-46476
-44854
-41779
85834
-51302
-92064
-73509
56670
38570
-92703
50188
54836
31949
68710
-41424
-35522
68029
-83591
66566
27098
-41588
-12403
-63308
-88782
-55932
44720
99572
-96137
-6940
-1915
27058
-71174
-52286
20711
23938
90731
69225
65143
-67642
59825
58952
47412
-98352
6420
-34025
74621
83015
-28762
-65919
70839
-46263
-48857
94983
-80206
73194
29249
-54564
-19581
-77803
-2803
7240
-42550
-48987
-59087
93125
80695
35011
-46750
89207
89038
-68464
-99537
-23060
61967
-56101
85719
-49666
-95894
24320
54787
98536
82898
-27017
84939
79294
-92839
67784
38258
-85225
67906
6618
28358
-51124
95729
22693
40242
88896
-78419
-51057
80026
78919
91710
46493
76656
-14287
36415
-79696
-86588
-37712
30924
40987
-73856
66537
54800
37851
7816
79837
55191
34271
-92155
52509
-77364
73427
77873
-6553
47119
77988
-10348
-60509
41675
-59561
-14947
-15369
23876
-1543
49342
-57418
-90312
70796
36667
44630
12498
-33121
61331
-84645
-30195
93546
-65611
86822
73097
29641
86406
-15113
66075
-21435
-44518
27061
-92432
-34195
-89826
95208
77354
74057
23508
-83034
28649
-88831
1065
94002
-15664
-63430
-79309
33531
30029
-62652
17235
45786
74386
56468
-46929
39226
-40572
-99645
6629
-30710
35427
74891
66394
-55451
-82706
29758
-67406
-94116
-32369
79919
19808
1738
-43868
9732
-84002
-3534
6076
18397
-43781
17788
19774
-35579
-31996
51626
30422
70035
-13736
-54909
58132
58690
-63438
7972
22599
30949
64463
-74345
91867
-60253
44946
35216
-72546
40962
-45091
-52575
-28337
-9619
-60339
-6999
-35591
8763
59249
24934
-91543
-97401
52206
48187
-54857
-50937
-16294
28343
5900
43035
-20100
-10252
-85549
49764
5845
-94226
77686
60435
-97967
-95620
50086
39737
-25263
2609
-12250
73159
74242
92296
63323
49353
35342
-72041
47702
76586
-26731
70175
-95395
-63346
-64779
11316
96586
-56864
-51423
-37933
67208
52833
39842
-15559
78274
36779
-46763
45892
89532
-9719
5928
54318
97321
-49241
-36260
38026
71417
55718
22860
94961
25448
-75745
-85527
-62123
-2799
58905
99577
34744
-31664
-23329
-92802
78796
-47269
-98223
99449
-14110
-77676
-24022
-92316
14930
43621
-60534
16605
-20262
-94979
-45898
-59629
13277
-94578
75360
-52722
-96686
76518
50279
14131
3227
-36555
28772
23372
-12132
-75095
-76704
21629
18647
12489
-82103
80291
-10002
37324
91208
-69528
20839
-76630
97778
-500
-99529
-90705
84629
40733
68854
-263
-87675
3167
-19457
-33054
-74873
-94985
-62074
93026
-55454
34988
-62936
-52492
-31821
99724
71871
34849
-74354
-94254
-38750
1326
55112
37061
69416
7301
-47089
-86109
-88445
94900
-18671
95068
-42386
-50339
44430
95707
96674
-82440
85078
-4418
-85531
-16271
-48830
-31239
-11249
83068
-35186
-90487
92652
-23976
71820
19636
86614
-47480
19180
-60117
65323
-98777
34446
8322
21797
87208
-60605
-84203
-72975
-88907
28006
-69941
70694
-60616
85630
-87574
-30766
69931
-83012
-13783
58456
-70238
42622
-47815
66372
37786
-64193
-28709
39957
-99890
-50459
-53437
6954
31852
-89352
-47001
77804
13615
99263
29941
23042
-5546
-61344
-48867
-1173
55139
46657
2627
31193
22227
84948
-25461
56757
49906
-81442
49016
7544
-63764
-55769
-83946
-85617
5045
51863
-80769
-10948
95596
-26908
-23051
92050
92035
88451
-82888
1894
-5195
-38629
-387
-40798
61912
-18863
-97323
-90516
-49997
-78549
-27315
58835
-39606
86892
-7664
74302
33882
21210
-80893
55961
4853
66330
-98402
98671
-80251
-71107
1296
-9402
-66402
-50943
68913
41780
-34967
-25529
-79129
-59019
-95349
-54964
12711
87479
-24776
-48594
-11420
23201
45814
-56681
33158
-88085
78077
73325
42337
82150
-38891
67071
36650
-20858
-69426
10382
-25022
31588
-39477
-9582
-57957
17894
5568
67756
13973
-89705
98940
36530
-74264
-10394
-54175
-73366
-70188
-76456
501
67871
-72004
5448
39781
16801
-12736
-75838
-39905
47284
13051
-505
-87166
-97222
21674
-32479
-26752
70781
66918
93153
99911
-12372
4552
-52716
-37693
87255
-17871
-48472
94171
48778
-22095
9760
-90217
-76477
9612
24937
-73440
98376
61354
-50946
74895
1816
-6600
4184
68183
-14645
62172
-93109
50355
14324
-41652
19493
-11138
78744
-59887
-77417
7338
-87611
-60127
-14450
46311
6708
86581
75647
-19599
-68398
-8491
40574
30842
81156
-93358
15386
-24796
9759
30238
77506
-13461
-77644
-63876
69774
-4536
42591
4128
-72764
57737
-24775
-83423
-97324
-80671
70644
-68228
43025
94506
64006
-82340
68783
-92237
-46697
-49716
5034
3528
-83305
-56477
-19776
-5895
10424
-4844
-98287
-2612
-58833
-61655
-14589
38014
563
-94035
23600
-28753
-56231
-5306
27718
78301
-56136
-73693
-26224
36453
-50384
-50571
25449
41129
4524
-4465
-63418
89524
50049
6411
55405
47923
45111
-25375
-35366
1740
22374
-87521
60550
-82282
-40498
-65247
49564
49868
10505
-38075
85555
74120
89717
41184
-29173
90919
-58457
77963
-1702
73781
-36242
-68640
13181
-19451
-81207
82436
35848
6638
14667
-543
-64828
-52166
20028
47403
-34208
-23912
-20490
-72745
-10774
7020
-82831
75334
15374
73722
50485
-11483
-46528
-47660
35625
-82478
37569
-42263
703
44027
-21413
38419
-51506
-69610
5419
95697
-64138
-15987
20526
28
2004
-97880
35990
16766
-31699
17130
-90831
-43772
-30069
-79954
77315
-79404
-45250
-36334
-12537
-96891
29171
64410
-44004
-29192
-94455
94090
96140
-27010
-82258
-15548
54898
-36733
57184
-35925
38754
-99398
-64127
-13108
-61148
-33204
92126
-18836
41437
-49278
85430
98918
69654
92745
49459
-64667
20715
72274
-52398
77956
-94314
-88906
-89921
-69022
94895
-73301
28936
62610
-10079
69086
-36790
31369
50030
-49612
43852
-10876
22755
-6474
2984
23064
64787
46243
-87900
89337
73019
-2209
42797
-40906
-26984
-62162
61027
-34093
-96391
34165
-36061
30718
52166
-66869
-61205
-41804
81119
-99410
-91045
50904
68693
-81042
34205
33085
10195
-94632
73801
-42389
64399
-33328
-30426
62529
39689
-54057
-24736
-26015
-27887
-34814
62967
-98154
2482
-94890
-40950
-41461
-92739
62427
94317
-53430
-26173
-66331
-94900
41962
-37281
-17745
-68223
-84756
86582
89009
-65228
67834
24204
-77614
-3120
-74771
-16606
-59132
113
67685
-41771
93738
-45028
71408
-77198
-58472
3353
-21674
87830
-46591
49078
87482
-67815
-92944
73461
63605
74018
33170
-23534
-92169
59545
-28825
48839
52901
-16027
-70187
29175
7528
-96029
-67764
-48165
28079
-8138
86728
69288
-38915
71317
-57814
-9015
75648
74744
98967
-79574
65479
-93211
-65101
-97963
12976
26959
-56311
19924
39302
-20495
-63
9503
83231
39882
-31075
42828
47511
-39317
-1065
2630
-53717
-41291
-14804
-54218
-41965
3865
-66509
88349
62796
73355
74440
62732
77134
26487
97520
-31681
-99723
10690
73608
-98457
35213
-84255
-94000
-40570
22574
-39348
-88997
71508
59917
-86788
-55469
-17538
-38212
12924
-94359
3490
68804
-77558
35647
-11382
73007
-37005
-79052
50923
27431
-91178
56425
-61
57422
-11473
-39879
-18525
30356
82729
75330
6983
-70713
-84188
45108
16606
37747
-86473
37053
54853
-61227
18279
9392
76637
-96933
57354
-24294
-49086
15895
43425
39941
-46820
29161
41729
88223
24969
63061
56803
20223
-22990
-7276
17320
-80056
-88138
-78239
-50142
45028
70961
41621
-44396
-67353
-46164
40687
35725
-26149
-59280
-13948
-98921
45868
93633
-20727
50912
7685
-70720
28533
74126
-82503
14491
33833
-26752
18429
23901
61939
-48375
823
89329
21012
15217
46054
68369
8964
85093
92183
-64530
12863
-38723
26732
-65012
8791
27099
90066
-81919
61561
-15128
16227
-3627
-68772
82725
51618
-44024
56598
64092
11754
-63703
-2459
80929
42069
48429
66732
-27796
94106
94002
96267
-74422
40943
-14971
-15506
-18802
-54958
47184
13865
-7112
20919
-79227
-74385
-71528
66322
97031
-63486
60176
12726
93114
49725
-59000
73961
-80615
5858
-1637
86899
-95511
-57629
-71836
-27304
-47058
56077
-99307
-25074
74151
89823
91613
-12802
-56739
-22391
69391
-99668
-61845
-52449
22979
67867
7695
-7791
-6335
56256
39071
85773
39959
42638
35092
-64185
6337
91757
-10098
-67153
8713
43665
-79469
15078
20132
-81995
-91932
11582
59616
93366
85986
-93745
-10762
2935
79439
-82765
48212
-94748
17523
-5071
-643
-26696
-2462
45875
98362
-7685
71679
-47792
-37850
9159
40201
-74270
50326
-22095
-98375
27070
21329
58528
81329
-81828
82863
-20290
-23554
-10839
77692
-23805
-21438
51269
-27540
43748
-9223
19500
77759
47163
43649
28491
90265
73175
-84706
93557
87954
6846
-99143
67672
-44304
-83726
47631
-23682
-10415
34139
-4250
25236
-44796
55522
-38660
28276
78284
52968
83832
-48791
-97576
-36046
3962
84586
44371
1205
85624
-63940
16504
14192
-99286
74272
4485
30658
-39202
-3001
67918
6849
-80990
19978
-88293
-48826
-34084
-73572
-36866
67112
-87356
-77160
82168
-5060
-63702
77357
98554
-43898
15901
62907
-21165
64834
85531
-44985
89536
99746
-2128
85427
76641
-53138
33680
23016
-55555
83976
14236
-28055
-42910
-71422
56384
-51376
21915
17369
-87760
83302
27992
85695
2105
-81721
-48759
32301
-91511
29017
-9623
-4913
-96398
-50472
-56527
-76444
15103
24781
904
99776
28111
-51640
-76916
36640
22662
-1225
-96285
-59804
99776
77288
-8936
43122
41761
-3166
-29361
33084
48954
-83783
31015
96460
-61165
93181
96580
16041
-13368
73493
51620
41681
80876
-526
-13268
55684
4975
57794
4972
18873
76747
-30964
-22414
-46391
-19753
66887
99548
3090
4893
-5729
41686
-77928
-26915
-83546
50182
71895
-54472
55396
-23561
7867
-78180
9660
-82663
-23229
-34050
83749
-2662
36348
96612
61826
44918
-19696
-87925
-75470
-81266
79735
-52380
81166
-19547
20714
18505
-15937
-15771
55116
75527
-20592
-31620
-61926
-69599
-74060
-23874
97215
35981
42988
-3949
-106
20943
-71856
-1259
66636
-35635
44181
-62904
24093
-15274
-38888
-19836
-84752
-24656
66870
40490
29517
-1441
32609
-67951
12401
3093
68298
34192
-76218
23774
-64292
-48846
33676
19017
70748
-23877
-89784
-14380
-35888
-70625
-58995
-74001
50162
79952
90436
-63944
9111
71108
86212
-69897
94581
59910
54641
-15537
29944
79841
73277
697
-72521
-52353
90484
-77648
-2644
23762
6271
-32993
-95611
-45579
-34813
-85972
43217
-20225
-98063
-97316
-18367
-12692
47959
78880
-88184
-56342
54234
18006
-83129
-75660
61158
13573
-91100
3638
22097
-26706
70626
30496
88636
12994
14915
54238
-91054
57123
30814
-9089
-70587
-7987
37268
44392
-15265
74903
-87906
55781
26836
-39086
-91749
33015
13550
-95450
-95811
-57172
-55181
11249
-50548
-15905
8921
34497
1718
-68279
-67546
88867
-28365
2805
7070
29901
99441
9268
32425
-199
89637
-13766
74423
-78185
3979
-89711
-26582
-77695
97992
63311
-26134
-87246
87128
50940
-36484
29364
62085
-53461
-46461
-58190
86129
2175
96756
-19346
74011
-48613
87293
53864
-70698
-48652
9427
-49765
35817
18627
-67067
88036
-70281
30864
-63660
46745
-47548
-56563
74592
76145
75759
11583
-59537
-62487
16488
80619
-95676
-42175
-89871
-50078
-31343
21325
53519
-61190
27509
63819
83824
-58611
87529
-90004
36057
96079
4881
74182
-86123
-66472
67976
-5407
-38984
30045
77746
-3085
-50194
19820
30542
16267
60722
73508
56517
-98628
-18043
44773
-40481
-25014
67736
-40477
25072
-76027
21473
78417
44321
-39580
2324
-55812
78753
-25656
30712
-729
-5848
-51245
37784
-25668
-62605
-35027
83157
-57474
-78004
79670
-37446
-31778
63769
-2837
-29740
25180
-83934
90228
52076
93330
76092
-41337
-92298
19580
-56129
843
8173
5811
-37273
-60897
64996
79357
-84159
-9077
-55339
-45414
62346
-98927
50061
-66728
83988
54519
-84830
86453
-47209
49170
5432
-99092
25343
-68325
3811
54731
-81893
-78257
-81130
75507
76817
-75242
54189
11517
-36212
84691
-3950
-64387
93616
81919
-1898
7108
71205
-27034
4627
-96255
-39747
26689
77973
36386
15367
59453
32623
-44036
60158
36935
-1143
47976
-76546
-69477
82134
71484
-42967
68996
18458
12917
-7506
-72169
-72201
-29958
-35992
-6472
83485
25891
-18538
-2506
23063
-30473
90102
-34666
36205
-98966
45936
-2997
15323
-67699
96682
-39087
-74619
6414
23828
-23333
92905
-23720
41157
-57938
-44587
77192
-96163
-26696
67185
71357
-715
77965
16280
91995
-79418
-11145
-48543
71063
81992
-37868
-36126
-43609
-870
53009
-49612
-61599
2084
20894
75396
-26760
37844
-7352
-66338
-31506
50786
72677
-9540
61142
-86493
23270
-55151
-76596
31396
22005
27541
-87807
18675
-23413
33271
47087
-68908
36372
17708
-32826
-79866
14205
-78712
67973
-62695
-88039
-38181
46927
9355
77925
26686
-46253
-39847
-64300
-36584
90143
-81426
13511
96075
-22735
3071
91780
2537
-42747
73039
98977
52387
-61100
-1644
5462
64361
-91836
-59921
33278
39896
-41830
61942
-21511
21166
-9712
66466
42588
-47638
-87991
-33569
-24388
77385
-73184
-44295
-98646
43694
77430
-94633
64277
-17270
94440
-33886
78429
55078
-58009
89542
-11333
57838
18709
22355
5453
-54352
-62809
-82845
60635
-59458
-6684
-61678
-10763
-49067
-70175
-89632
51983
-57792
11625
-16561
-22295
-2376
7579
-95707
-66379
9309
2502
-77467
-5201
-4908
-11091
10488
-64295
-69845
-11379
-53827
-91465
-43885
46498
-92517
-16084
82042
-29789
-81652
-66765
96805
43153
-96319
193
47927
-87348
-2014
-59295
-54914
-23117
-6356
-62675
-90101
7821
-56963
51299
74566
38266
-94710
14248
55618
34469
65782
48055
-87961
32141
64951
-10483
-97223
-79357
59745
90263
-45562
96649
-98489
64285
-34407
92030
-78777
-33232
19761
31566
-38736
321
92104
-67566
880
-15827
86467
-62231
85904
-49901
48704
-25335
-80393
-68434
-63392
11812
-8267
48698
33972
-88130
-64965
89598
-1333
-1875
-80061
18233
-69096
47202
-49032
61952
80963
-73427
-80576
13363
-51921
-33427
6025
24472
99560
-24376
53298
87306
23806
43975
-69928
-75555
-69095
-29826
-18223
-26196
-29498
-31923
-81324
44564
19890
47258
-84139
14576
89008
85884
57627
14966
29151
-8796
-18069
94152
33752
-5571
-14618
29576
20963
97731
63815
-28477
81707
85438
72416
24757
6840
-66551
-83386
-23223
93346
34581
-951
46480
89576
52502
-92893
-14652
-11517
24274
57423
83927
-45643
71866
-5328
-16079
-18489
-23049
-20316
60683
-39793
-44299
-51014
14281
97100
25019
-75770
-20187
37725
44656
93943
-9168
-13640
29891
37723
86
-92364
-6977
-17929
-18332
-73559
-39370
89960
-167
34086
95361
96553
68232
73365
-3336
-68392
41907
31718
-36530
-80487
86167
-4287
81633
-53401
7861
81239
79397
-7249
-46410
-1796
88435
84639
25367
55402
50380
-82568
-96475
83442
10745
55616
91338
91127
-53824
54021
25847
-77540
57812
-26493
-25081
93602
-72897
-61193
-86143
-75520
67171
-66045
58896
-88844
23793
-98283
-87389
-76283
52063
33981
15076
-61493
-43482
-75866
-89525
-39335
-88078
87940
-5610
38207
-91094
54201
-6399
61607
99777
216
-16111
25659
-71896
8239
54987
70880
-63923
-82166
-35234
-86717
-43711
-5838
76628
53302
73511
20808
-43556
-2421
50166
-51088
13845
-62961
79194
4084
-63654
69948
20179
-70019
65430
32660
-51028
-90663
81657
-80241
36070
84618
57141
-34375
-45147
62991
63504
-22971
12032
95889
-43384
-7187
24810
87358
-63221
32813
71327
-1221
47691
-58508
-19465
-84831
41849
65216
-2025
2022
-50656
-75263
-39160
-74051
-50345
-70343
21768
49781
63399
25162
-53727
-17157
78511
-20789
14851
-17927
-77186
3472
-64231
32320
-81494
-30157
84934
15
-3341
43881
42239
93629
-17233
13400
-6521
89751
25622
-73642
88852
57751
69353
44257
-62021
-54168
84251
735
-18629
72485
-19440
46202
27886
13334
4302
67470
60318
-23988
-55259
88589
24311
-54351
17876
21756
40458
25022
-95726
-58132
566
-13252
90172
5059
98932
-51681
25443
-51454
31506
78177
25777
57676
96926
-32180
-95539
54915
97624
-65770
-53350
-94047
99758
73717
81238
-75619
15726
-68973
95993
82637
-28512
86775
-68944
12535
28144
-51593
-43044
-17188
69526
-80766
-62325
31513
4133
41884
-66700
-68284
36521
19172
18762
-51038
59611
50520
86324
-83978
98091
-87235
-22234
-5471
30459
31703
-75973
10183
-2131
33001
-21846
-99986
52553
-87614
45891
-38927
-59529
60120
82117
32065
-88582
25986
-69819
57812
91218
10082
62673
-86707
-12006
99442
67932
-13816
85377
5935
-21664
37011
62544
39335
48349
-67295
-90859
74766
76451
-21370
-17442
-38674
32623
23273
94078
-87291
33383
-73245
45475
-87085
-14252
-35460
-59962
-74196
-67698
-98656
56440
12638
-28626
87492
66472
-58830
-87801
-302
-44869
-89517
-86396
-30750
-57467
40788
55560
-52412
70189
-48098
76562
-87463
23005
36320
-34704
98932
-92471
95497
-65496
-47286
-93592
-64945
-41595
-2517
-86359
80227
59845
65199
83
20892
-24979
14207
59767
5784
-34268
-96104
-90305
13544
-23882
-30060
15009
54598
-86733
74602
61540
37886
-2096
-87395
62036
39361
45352
-12485
-3803
-1726
-52497
-27474
79382
37063
77242
-91881
-75299
47091
33617
-28328
61801
29487
-50733
-66382
28272
-14884
-61061
-74074
-74671
35413
2285
55169
47645
23979
98219
74807
-28824
88786
-10135
10334
21462
-80180
-45892
58299
29189
-13877
73173
38235
96646
-17549
45724
-33425
62046
51205
-62377
69018
563
91602
-78118
-92739
63705
52786
6125
-93288
-92424
65356
-43427
-36320
-67118
60207
20227
-50580
-37093
27016
-34276
35696
88022
93686
-6374
-8386
57523
-41047
-37541
-21546
52035
28978
-13841
53054
26554
-8640
-9972
32898
62825
-41269
66974
35502
11765
-26015
89571
58669
12437
99463
-70455
-18814
-85037
88872
36948
22267
-76596
-99804
-81601
-56829
-44712
-64036
-42884
48231
-89602
42094
6930
-57663
39575
-60586
-67220
31732
-91329
-28612
61386
28620
31631
23935
-28096
5312
-83046
-40602
98379
72366
-92845
-18288
-68030
-33548
-70730
-91226
19514
-56335
76207
-758
1281
-62251
-66389
-59966
-36073
-16279
-84463
57763
12609
36689
-7296
12880
50853
-2112
55841
-65645
38337
36227
78106
-25768
1885
-95720
29424
28875
-48297
11129
-43622
88677
-54144
-87636
-16315
73077
1654
-7308
-73582
-36915
-42879
6571
-65812
31943
-10730
95228
-43405
-58223
58749
87518
16036
-16038
17093
62160
-37560
75177
81241
49088
52047
32997
-28815
-93693
-45054
46687
66683
61244
-4380
-6490
-36166
-58162
-48400
-38585
-91274
-2709
-16398
64679
27997
94000
9176
13782
-65258
-163
74439
-50519
-54241
45336
-62583
92780
-5072
69795
79253
-28432
63345
50514
25984
22927
74498
52097
-44070
-42281
88386
-50428
41476
27852
42877
-81766
-37730
26591
-46301
-15775
44022
-87667
43114
-65448
15313
1497
-59520
72818
23004
-43515
20697
-90517
42646
93219
-88571
-70363
14487
53717
-11405
-49666
21701
-98700
56964
39316
77783
29189
-43967
-37877
87414
82023
5457
-2778
96890
2439
91383
80242
-24222
-90070
58272
23042
-31063
-25278
-63671
59307
45485
93013
90323
4634
-81216
-21495
-28967
25598
-51333
-65639
20582
-36059
56983
-2566
-11940
-97168
3231
75537
40709
26672
15401
-88138
-92134
-70200
-41656
-93569
-32208
-71837
85865
-51940
27049
-41931
23622
25493
-50713
-28179
-34214
79748
28496
-47613
37110
86476
-79949
61044
20145
-70355
6753
-89831
97857
1552
-12076
-23985
22719
61066
-67892
47247
-7045
83829
-61447
-91890
-98997
-370
56177
-28591
86925
-13643
-55299
-12105
-27952
498
96379
-13237
48108
-89120
49894
4848
15733
-89876
37062
-24439
-823
-80170
-74103
-19567
-95998
-21426
-72647
34661
6273
32100
-47775
97872
-86872
-88212
67561
-48034
-36721
11722
45907
-34592
93105
54709
9462
-92618
-47791
36295
-18513
23095
69133
-44978
22725
79296
95838
-13096
28112
-86735
51277
8875
-64701
-59024
-31834
-19782
-66819
8085
-71895
-74914
-99544
-75854
-28023
86396
99377
-9334
-25879
-78644
93149
-43744
-51714
-10823
-17618
-75264
6994
-271
57989
-33993
18332
90134
7347
-29189
-38485
-83789
-83455
58579
42608
60266
22800
6861
-84132
46780
80799
-65061
67961
87419
-2017
-20642
-32631
41492
92141
-99768
38588
-94698
38648
-74475
1717
-96893
90969
-40447
-69163
20750
60263
-15594
-6078
-18860
-60324
-72225
18501
96352
98222
-11805
-44776
-57194
-26745
-78777
84370
-53109
5489
70249
46755
68791
-74887
82510
63238
-49680
87369
-9253
-80571
71386
-41673
48864
32892
46792
-69076
67333
96462
-60113
-61231
102
1862
-58837
30581
55572
89909
-50276
71837
-54691
76982
-26167
-68272
-60244
-29768
-44082
-48369
79389
-79905
-41062
3483
60555
-92291
95788
99955
-47077
63647
-34745
-56663
-19456
13083
60401
-70
76411
19254
-7279
-57204
30187
7367
-93738
-93624
-42623
87561
-66915
-53809
-44417
11060
-35975
-17527
12564
-56993
73111
80189
23254
90100
74025
92756
11019
-41434
86797
42013
-41955
-28741
98947
88895
90939
-35113
13790
-92228
11990
-94091
-23981
37928
-23930
38736
67855
94144
-81015
57217
-73231
-40941
-6404
10628
-80705
-60140
-92002
-92962
-66054
81464
-55545
-45220
-1419
40071
2691
48827
87123
10169
16255
-66743
3385
90026
-4650
-5625
52885
15976
84858
67336
-64079
-30191
37559
-84336
23926
32505
-81556
-792
-9134
-54954
-37372
-47726
-29633
78480
-4336
4526
89176
-7547
-4596
42903
-80175
79104
-73802
-85165
92860
-66899
81896
-68773
89351
-31615
-46133
93174
-55733
-61877
43939
-7942
38025
-8333
77224
-49199
27566
51092
89687
44048
-48154
43888
-95470
94283
-94464
-74908
-80481
65559
-57924
26416
67473
16410
-36864
71732
-20461
-25243
47946
-91732
77913
55157
-54279
40800
-45811
-33335
97928
34441
38211
59469
85490
-17659
65968
96995
4892
-64845
22594
75823
-76549
-40265
54929
-46446
-54811
-46664
-9506
-63973
40289
41605
1079
5586
-35199
-46546
54086
20555
74215
35879
-35699
-72602
26357
22274
1550
69104
5917
80599
-66375
-19906
41562
-20518
-24305
61162
82435
-85733
-2782
-46215
5838
-38346
-45386
75968
63372
-35497
77569
-60193
-98150
-47773
50558
-1148
34559
45728
66524
-27495
64064
-27617
-96533
80608
83134
-79768
46100
-92396
47396
35896
57938
-25278
-62396
59711
53222
-60475
29230
-25554
-40253
3741
66801
45153
-84618
-10764
-94981
26817
-75970
-75528
76666
-38109
31228
31494
-43421
79337
-95485
-52051
-18906
-41532
-70199
56695
61059
36636
54742
-91008
-45360
42379
20987
-80176
-64797
23574
-70628
67752
-75782
7775
-19797
-29406
77874
6413
54934
82715
-80055
-42459
24429
-83180
-29294
-97358
32124
94591
4087
6664
-47287
11548
-22613
22460
64820
-47810
50212
-56512
-59316
-34285
-47010
80289
38162
16497
-89192
71050
-37513
-84890
-2499
-17249
68139
86573
-60208
-94532
76439
-73782
-12968
16979
53602
-96467
-70165
-74209
-90240
-46811
57716
-64259
-56389
53470
-1903
-17817
-62246
-88432
-63414
7339
-3554
98452
81037
-54687
-61956
42507
-71194
20743
-29181
24427
-33899
-54752
51684
38619
7173
-58560
-13743
48047
25392
13728
72918
-8204
-59373
40866
34699
-15980
-92504
48308
-61729
61306
-91768
-80694
35763
52475
7624
-45776
32941
60622
-27873
-1732
19846
-13572
-14134
-5374
-83727
-38174
77642
-41471
11148
-50073
-80133
-2517
-74806
83377
28347
21130
-22752
62846
49362
-32814
52641
88765
-23319
-37159
-15969
-52459
47050
91163
-14247
-503
42521
-81604
41630
56408
92058
37464
-14103
-33999
-93684
-51989
72092
-81953
183
-96115
76834
70839
-65460
-28628
-78164
-47928
95034
-17506
-20313
-58013
-54854
82730
15211
91600
68601
62846
-51292
-30069
-38079
-1183
-4984
-10258
-40144
-92737
53803
52469
-5764
61784
42756
76312
51276
-92128
19903
64185
22265
11828
-86986
44780
71705
47410
-7365
73947
-80676
49624
-6501
-15497
42149
-61366
-32888
1154
98563
-23695
8889
-85291
-8226
36812
35958
-74567
489
-76039
-17259
34653
-57114
-78291
89261
53662
-81195
71672
-14718
-88199
7310
52810
19783
53080
16842
55639
-74170
94069
32012
-52393
-61313
-17211
-45532
65291
62175
-44118
-14291
-20072
-11041
65897
-43364
55237
-61377
-47075
93967
-76410
89042
-97773
-25370
-26718
42117
92538
-54877
-28971
-69124
15252
-75837
76562
-88933
63868
-77901
84586
-66873
12512
-48518
66263
45520
90981
-91109
-44052
55833
53497
59194
41299
21434
-63490
-32964
80522
81923
-73827
-47392
82332
-21507
-14209
-88057
-14720
61293
33617
33154
13819
29253
-47651
85311
14749
-56229
20433
-92367
19070
57062
81887
62853
-24579
-92740
12723
-64742
-98298
-5088
70901
61218
-54946
68293
-69297
19536
30017
44651
-67919
-36811
15188
-13215
9339
21513
35295
90084
-7266
55890
-40991
-59284
-74555
-50327
29960
-47183
14746
19291
87936
15256
-3004
6570
-33217
-32764
-81940
-52227
-68713
-47986
80887
-34755
-34379
-54275
91265
-26645
-83159
-76138
-75286
21663
5919
30043
-50808
6696
-24046
-11822
-96397
13691
-38442
-64939
9784
-96813
303
-64166
49402
-7144
-45747
17227
-62255
-39759
63535
-58949
-79038
-99816
97458
-94972
57741
-76017
-11262
36760
-81214
-98947
-68352
-84193
-26469
-11389
63501
58448
28801
-13567
25414
49506
28042
-45083
23982
36572
-78591
34236
25318
7726
-61553
-70100
-19119
95998
-28442
-53103
-92892
-97468
-32093
-37801
-67671
28939
-73797
-86708
93792
42735
-5672
-95301
-57144
-90143
2607
-15157
30827
93585
-1553
-11468
80976
44897
-32969
57613
33531
3152
-16159
28388
92596
32427
75605
17501
-39619
-519
15827
690
85359
-32411
6445
66531
-67350
63685
16986
-73037
-50905
-79
19159
14583
83122
-43104
35442
-50728
-99145
-97379
64465
82114
83564
-95052
-30468
66118
50512
-50471
-80085
23717
27954
24496
37243
78201
-98820
39488
52888
-35381
-33927
-61692
60717
34476
-17598
24030
-52003
-52207
97174
66818
19446
52791
26906
-75769
5068
83685
92984
78714
-56904
-53196
76279
10840
-25429
98934
-41587
-49646
-63742
71575
46942
26862
-4288
-2363
-8980
-41237
4658
-51424
16664
5989
56184
-55394
41830
70683
-59484
-82362
-13190
84760
70256
29545
7074
61619
-90583
-54652
-99567
70994
-85267
33417
-91423
22041
-13095
23713
-85255
-78192
32965
85263
10927
89586
-45051
84845
-15447
10263
-40105
-45479
-98061
211
-45878
-78824
24522
74844
-43420
-22736
84209
38078
-62275
-65450
37481
6418
-92491
-9837
-33410
87457
10217
-4074
96044
-7914
-34691
60638
20839
-57612
-11816
93084
15199
-13929
65157
-28743
-70181
17145
-10619
-68512
-29313
18032
96532
24220
65144
97645
-75216
11025
-23996
78974
88528
-27067
17752
84894
97204
-92067
26556
-9285
48514
-71739
30734
31960
-8579
47799
-16125
-11370
64662
-22966
-78060
-95479
-62255
32058
-4751
27554
31225
32069
-54841
47048
-86162
92099
-81998
-97427
69989
8522
62301
55236
26264
-73607
45802
60491
-61431
18287
-36012
-64078
-18795
66774
-65444
-61906
-29503
25941
2158
75331
46777
-74805
-46484
5274
80440
-77175
11773
-16418
-78540
2818
55016
33060
34549
-23134
60649
93299
-91731
-35377
-22029
70375
2925
-25412
34543
-35411
-80106
29571
95415
45305
40073
-67724
-2557
-59868
78204
-14666
-95375
69853
-55158
-51554
-39734
82935
79225
-53061
3992
71779
35255
-18313
1209
8392
23515
60133
-45895
41016
9703
47586
95133
-63743
-93292
-28271
-29348
77001
-48022
-58165
43689
-14298
61754
94202
-11391
89521
8045
22684
-58751
-83937
76484
-83612
80137
43999
-53910
99044
29678
45337
-90646
-12281
-67721
82730
-6530
26679
-91179
-25566
-38895
-82920
41157
17348
66917
29956
28002
-3976
-36059
-83928
-35149
-18764
-74839
95902
-55484
-79408
-18495
36052
81847
82821
-33584
50024
13729
-81914
14380
-81247
66167
59049
-24833
-21360
4325
-36277
-27185
-39767
-25549
19907
-92348
60444
86876
-26729
59712
-82430
-31096
58991
-72522
70784
-30373
-23763
95983
-95176
62363
83019
-6437
973
-94263
-89395
-27082
-36161
-1038
-42795
70639
-36434
8538
77586
672
-33369
61142
69007
-28600
-17723
-21509
-26593
51638
23638
-98133
-38416
-33857
-7744
69129
53698
-33072
-36767
52600
-52718
-19037
79809
-27176
2906
87815
-49707
36127
-65453
-96445
15571
45019
32768
-5263
-6541
5002
-71728
-36866
62708
66401
-60901
-89169
-60477
-351
-51879
64046
79412
35529
-18405
-74609
56349
29595
20182
44475
-62334
41889
5001
-15245
-83845
-74296
-69641
-91493
-7661
-55453
-30142
89102
27176
-9249
-69119
49230
-49342
78285
-17086
18451
92712
-77154
-73372
2449
-9928
29660
-94410
84289
91999
14169
42560
-41151
-4993
80547
66778
93947
-11141
39780
-30652
74988
-24394
75586
-12445
59835
60630
51530
-37727
68514
-88935
35033
65667
18181
2618
-74995
-50913
83754
38391
-29836
-56188
72751
74012
-28236
-1592
39715
78637
17455
-77208
46486
-7031
-92526
52388
74119
14268
-37787
73692
87309
-66353
90625
98317
59731
-17857
29723
83764
23350
96123
15116
-81786
-48899
77349
91470
91791
-57872
12183
95349
-17399
65775
-46719
-76554
-24637
-55015
-23006
76673
16834
98199
-88665
-51348
-11146
57008
72125
-90440
-7530
-48940
40942
-89273
-30562
83357
-36780
-76822
-55552
8670
48326
-69426
36148
85447
17161
59606
-81117
63024
-57407
72888
-22541
58366
-17887
32125
-38935
68436
-34116
-89963
24308
-63518
-44322
-10711
-5824
-44557
49495
98603
31209
-6400
79405
93512
28495
75281
-57205
65189
56103
-44586
-29122
-9492
77902
-93232
-12110
-86093
21919
-33089
-22583
-15063
-45788
48903
51684
88538
46861
-72485
73302
-22561
89990
27358
-96377
-96231
-18920
-4968
73181
6124
38966
-91812
15936
69310
25229
-28601
71364
62108
-56674
27463
-73456
10749
-96878
94679
590
48144
-10573
-23658
88150
-87850
69902
-80781
-95447
7397
58423
52899
-54322
87000
6959
32393
-50935
4967
32279
-390
-35746
93726
55835
67118
57701
-12606
-84610
-47952
50794
-23812
-76045
80262
22615
